
v 0.3798432 -8.71817 -1.344848
v 0.3266644 -8.769981 -1.331494
v 0.3782792 -8.791443 -1.326979
v 0.305283 -8.71817 -1.333365
v 0.3266644 -8.666359 -1.331494
v 0.3782792 -8.644898 -1.326979
v 0.4298958 -8.666359 -1.322463
v 0.4512753 -8.71817 -1.320592
v 0.4298958 -8.769981 -1.322463
v 0.369164 -8.880105 -1.222795
v 0.2550969 -8.832673 -1.232774
v 0.369164 -8.556237 -1.222795
v 0.483233 -8.603669 -1.212815
v 0.2550969 -8.603669 -1.232774
v 0.483233 -8.832673 -1.212815
v 0.2442402 -8.718171 -1.293762
v 0.2078499 -8.718171 -1.236908
v 0.5045151 -8.718171 -1.270992
v 0.5304798 -8.718171 -1.208682
v 8.708413 -6.130747 -0.2519583
v 8.674535 -6.130406 0.04770342
v 8.674535 -6.130406 0.04770342
v 9.16518 -6.087937 0.02630846
v 9.16518 -6.087937 0.02630846
v 9.16518 -6.092603 -0.2402208
v 8.923774 -5.882563 -0.1069561
v 9.481293 -6.082535 -0.224413
v 9.481293 -6.082561 0.01050025
v 9.481293 -6.082561 0.01050025
v 9.772842 -6.052735 -0.03225141
v 9.772842 -6.05272 -0.1816607
v 9.647266 -5.90682 -0.1069559
v 9.772842 -6.05272 -0.1816607
v 9.772842 -6.052735 -0.03225141
vt 4.203895E-45 0.5246682
vt 0 0
vt 1.261169E-44 0
vt 1.369237E-40 0
vt 4.203895E-45 0
vt 0 0
vt 7.006492E-45 0
vt 1.369685E-40 1
vt 4.203895E-45 -1.320592
vt 0 -8.769981
vt 7.006492E-45 0.369164
vt 1.369909E-40 0.6567481
vt 4.203895E-45 -0.762785
vt 0 -0.5846571
vt 5.605194E-45 NaN
vt 1.370134E-40 0.1468012
vt 4.203895E-45 0.10864
vt 0 0
vt 4.203895E-45 0
vt 1.370358E-40 0
vt 1.469386E-39 0
vt 9.18376E-40 0.7619048
vt 8.265209E-40 0
vt 7.346868E-40 0
vt 6.428485E-40 0.02630846
vt 1.561212E-39 -6.087937
vt 1.653056E-39 9.16518
vt 0 0.0101503
vt 1.010207E-39 0.4834098
vt 4.591859E-40 -0.09417993
vt 3.67342E-40 NaN
vt 1.377537E-39 0.9934602
vt 1.401298E-45 0.1316419
vt 0 1
