
v 9.661409 -6.003844 0.2163171
v 9.64076 -6.003861 0.3844996
v 9.530026 -5.861904 0.2855443
v 9.661409 -6.003844 0.2163171
v 9.64076 -6.003861 0.3844996
v -9.16518 -6.087937 0.02630846
v -9.16518 -6.087937 0.02630846
v -9.16518 -6.092603 -0.2402208
v -8.923774 -5.882563 -0.1069561
v -8.665668 -6.071886 0.04770342
v -8.665668 -6.071886 0.04770342
v -8.699546 -6.072227 -0.2519583
v -9.772842 -6.052735 -0.03225141
v -9.772842 -6.05272 -0.1816607
v -9.772842 -6.05272 -0.1816607
v -9.647266 -5.90682 -0.1069559
v -9.772842 -6.052735 -0.03225141
v -9.481293 -6.082534 -0.224413
v -9.481293 -6.082561 0.01050026
v -9.481293 -6.082561 0.01050026
v 8.597116 -6.023804 0.3198244
v 8.597116 -6.023804 0.3198244
v 8.665668 -6.071886 0.04770342
v 9.050148 -6.033257 0.3518477
v 9.050148 -6.033257 0.3518477
v 9.080442 -6.080462 0.1051178
v 8.832577 -5.838401 0.199908
v 9.38338 -6.063258 0.157168
v 9.356678 -6.039588 0.3746307
v 9.356678 -6.039588 0.3746307
vt 0.1316419 0.9934602
vt 0.2399082 0.9934602
vt 0.06813075 0.8190614
vt 0.09241921 0.9826543
vt 0.04333496 0.9826543
vt 0.2464541 0.4007475
vt 0.01113761 0.4007475
vt 0.1251185 0.4007475
vt 0.06813107 0.1912763
vt 0.01190786 0.04794586
vt 0.2472243 0.04794586
vt 0.1243558 0.04794586
vt 0.2399082 0.9934602
vt 0.1316419 0.9934602
vt 0.09241921 0.9826543
vt 0.06813075 0.8190614
vt 0.04333496 0.9826543
vt 0.1269451 0.6750448
vt 0.2446271 0.6750448
vt 0.009310653 0.6750448
vt 0.01190786 0.04794586
vt 0.2472243 0.04794586
vt 0.1243558 0.04794586
vt 0.01113761 0.4007475
vt 0.2464541 0.4007475
vt 0.1251185 0.4007475
vt 0.06813107 0.1912763
vt 0.1269451 0.6750448
vt 0.009310653 0.6750448
vt 0.2446271 0.6750448

vn -0.8185872 0.1915773 0.5414915
vn -0.6608796 0.2035979 -0.7223476
vn -0.2285652 -0.9734448 -0.01277493
vn -0.8185872 0.1915773 0.5414915
vn -0.6608796 0.2035979 -0.7223476
vn 0.03516384 0.4651825 -0.8845161
vn 0.03516384 0.4651825 -0.8845161
vn 0.02812886 0.4887011 0.8719977
vn 0.06964677 -0.9975278 0.009356249
vn 0.3114886 0.9427913 -0.1188249
vn 0.3114886 0.9427913 -0.1188249
vn 0.2926997 0.949589 0.1122838
vn 0.7585634 0.2481297 -0.6025057
vn 0.7585747 0.2480349 0.6025306
vn 0.7585747 0.2480349 0.6025306
vn 0.2693601 -0.9630395 -2.961558E-05
vn 0.7585634 0.2481297 -0.6025057
vn 0.0965275 0.4834084 0.8700568
vn 0.09417991 0.4840928 -0.8699335
vn 0.09417991 0.4840928 -0.8699335
vn -0.2782026 0.8908941 -0.3590419
vn -0.2782026 0.8908941 -0.3590419
vn -0.3114887 0.9427913 -0.1188249
vn 0.05978015 0.3800557 -0.9230298
vn 0.05978015 0.3800557 -0.9230298
vn -0.1349974 0.6002817 0.7883131
vn -0.07159967 -0.9958076 0.0569278
vn -0.1923181 0.5759098 0.7945701
vn 0.03627116 0.4641834 -0.8849962
vn 0.03627116 0.4641834 -0.8849962

f 81 81 81
f 81 81 81
f 1 