
v 2.209661 -5.29731 -0.6023231
v 2.565001 -5.317614 1.008747
v 2.565001 -5.317614 1.008747
v 6.210633 -6.112034 0.6206975
v 6.209764 -5.428444 0.4553142
v 6.212531 -6.24136 -0.5277799
v 6.210949 -6.359648 0.09759795
v 6.209434 -5.349625 0.07940975
v 6.209764 -5.428444 0.4553142
v 6.212587 -5.653616 -0.5254565
v 4.549004 -5.663808 -0.627402
v 4.667976 -5.283914 0.07592519
v 4.669632 -6.169968 0.7260116
v 4.658588 -6.531081 0.1687792
v 4.564317 -6.318624 -0.4619569
v 5.2107 -6.310624 -0.5671845
v 5.28347 -6.563299 0.1569261
v 5.283466 -6.121432 0.7008202
v 4.690125 -5.450499 0.4965955
v 4.690125 -5.450499 0.4965955
v 5.283463 -5.430807 0.5328871
v 5.283463 -5.430807 0.5328871
v 5.182467 -5.503048 -0.5746715
v 3.022755 -5.682632 -0.7917629
v 2.865051 -5.2371 -0.0154918
v 3.075717 -5.396764 0.746239
v 3.075717 -5.396764 0.746239
v 3.800377 -5.399787 0.7454844
v 3.800377 -5.399787 0.7454844
v 3.785021 -6.242725 0.872062
v 3.674319 -5.225888 0.02371261
v 3.726061 -5.65558 -0.843927
v 3.151641 -6.377305 -0.532713
v 3.788599 -6.639338 0.2800547
v 2.673013 -5.775996 -0.8203914
v 2.291514 -5.178094 -0.108363
v 2.848403 -6.238096 0.9177731
v 3.217901 -6.315953 0.9016436
v 3.258381 -6.722359 0.3398403
v 2.821588 -6.489291 -0.6070154
vt 0.2213978 0.01937765
vt -0.003749172 0.07882583
vt 0.9962357 0.07882583
vt 0.8183935 0.8486158
vt 1.025913 0.8485239
vt 0.478359 0.8475687
vt 0.6188955 0.847793
vt 0.1798801 0.847955
vt 0.02567017 0.8480697
vt 0.246876 0.8476212
vt 0.3068694 0.498303
vt 0.1196775 0.5205602
vt 0.8319408 0.5208696
vt 0.6734274 0.5188038
vt 0.4992085 0.5021659
vt 0.4922536 0.622091
vt 0.6650186 0.6357051
vt 0.8353562 0.6358049
vt 1.024244 0.5247035
vt 0.02425962 0.5247035
vt 1.029791 0.6358039
vt 0.0295624 0.6354582
vt 0.2590939 0.6166199
vt 0.317505 0.2019507
vt 0.1417972 0.1793178
vt 0.001567207 0.201266
vt 1.001552 0.201266
vt 1.002375 0.3435714
vt 0.002390039 0.3435714
vt 0.8367543 0.3526155
vt 0.1332311 0.3348668
vt 0.319198 0.3431094
vt 0.4820686 0.2308086
vt 0.6889325 0.3544821
vt 0.3303675 0.123449
vt 0.1558065 0.07307661
vt 0.8428841 0.1655616
vt 0.8361552 0.2408529
vt 0.6974494 0.2512649
vt 0.5066282 0.1670536

vn -0.8231342 -0.5348737 0.1906838
vn -0.7242542 -0.3650985 -0.5849435
vn -0.7242542 -0.3650985 -0.5849435
vn -0.1697873 0.4024763 -0.8995472
vn -0.1167101 -0.7197649 -0.684337
vn -0.1326723 0.6183263 0.7746423
vn -0.184707 0.9750922 -0.1227948
vn -0.09102459 -0.9915236 0.09271197
vn -0.1167101 -0.7197649 -0.684337
vn -0.09530442 -0.5046322 0.8580579
vn -0.06403846 -0.4195167 0.9054859
vn -0.0267202 -0.9982715 0.05234601
vn -0.1370034 0.347767 -0.9275172
vn -0.04330572 0.9931489 -0.1085352
vn -0.01253271 0.7085729 0.7055263
vn -0.008873425 0.5976955 0.8016741
vn -0.05990849 0.9866872 -0.1511928
vn -0.06115106 0.2952354 -0.9534656
vn -0.09331069 -0.6897936 -0.7179679
vn -0.09331069 -0.6897936 -0.7179679
vn -0.01495909 -0.6843779 -0.728974
vn -0.01495909 -0.6843779 -0.728974
vn -0.02524505 -0.6074106 0.7939869
vn -0.06826535 -0.350088 0.934226
vn -0.07016297 -0.9877149 0.1396295
vn -0.1790378 -0.724 -0.6661602
vn -0.1790378 -0.724 -0.6661602
vn -0.08704937 -0.6668662 -0.7400756
vn -0.08704937 -0.6668662 -0.7400756
vn -0.1363903 0.3851004 -0.9127406
vn -0.02344656 -0.9919062 0.1247893
vn -0.06410237 -0.3420906 0.9374779
vn -0.1996376 0.6606554 0.7236569
vn -0.1357711 0.9837454 -0.1175209
vn -0.3710839 -0.1161972 0.9213006
vn -0.7221892 -0.664214 0.193035
vn -0.2379813 0.3413167 -0.9093227
vn -0.02186621 0.4304424 -0.9023532
vn -0.1871377 0.9653812 -0.1817101
vn -0.346583 0.6441978 0.681828

f 81 81 81
f 81 81 81
f 1 